      YRMODAY HRMN  SEC    LATITUDE   LONGITUDE   DEP,km  MAG   NO RMSRES    X,km     Y,km     Z, km      ID
   1 20101113 0837 23.904  39N47.800  119W00.480   0.341  0.03  10  0.021    2.733    2.245    0.341 101113083723   
   2 20101210 0826 22.786  39N48.413  118W59.526   0.222  0.94  12  0.034    4.096    3.380    0.222 101210082622   
   3 20101216 0532 55.202  39N47.687  119W00.515   0.205  0.85  16  0.019    2.684    2.037    0.205 101216053255   
   4 20101216 0904 18.805  39N47.614  119W00.657   0.017  0.55  13  0.023    2.481    1.901    0.017 101216090418   
   5 20101216 1845 24.726  39N47.619  119W00.646   0.248  0.21  14  0.019    2.497    1.911    0.248 101216184524   
   6 20101217 1423 54.707  39N48.720  119W00.074   2.237  2.21  11  0.049    3.313    3.947    2.237 101217142355   
   7 20101218 0927 15.538  39N47.810  119W00.492   0.541  0.54  15  0.033    2.717    2.264    0.541 101218092715   
   8 20101221 0052 34.552  39N47.620  119W00.703   0.215 -0.30   9  0.026    2.416    1.912    0.215  10122100523   
   9 20101221 0301  1.824  39N47.748  119W00.519   0.235 -0.20  12  0.026    2.679    2.150    0.235  10122103010   
  10 20101221 0301 31.134  39N47.715  119W00.594   0.227 -0.20  14  0.027    2.571    2.089    0.227  10122103013   
  11 20101225 1318 23.385  39N47.690  119W00.506   0.531  0.41  10  0.038    2.696    2.041    0.531 101225131823   
  12 20110102 1531 23.128  39N47.763  119W00.478  -0.088  0.58  11  0.034    2.738    2.178   -0.088 110102153123   
  13 20110102 2010  6.015  39N47.608  119W00.636   0.222  0.58  13  0.041    2.511    1.890    0.222 110102201005   
  14 20110115 1604 15.182  39N47.602  119W00.389  -0.103  0.16  15  0.042    2.864    1.878   -0.103 110115160415   
  15 20110116 0636 12.745  39N47.659  119W00.651   0.266  0.58  14  0.035    2.490    1.984    0.266 110116063612   
  16 20110116 0641  5.109  39N47.680  119W00.552   0.526  1.02  15  0.034    2.632    2.024    0.526 110116064105   
  17 20110117 0002 17.072  39N47.521  119W00.641   0.316  0.56  16  0.031    2.505    1.729    0.316 110117000217   
  18 20110117 1118 51.252  39N47.696  119W00.488   0.230  0.70  15  0.043    2.723    2.052    0.230 110117111851   
  19 20110117 1119  7.164  39N47.629  119W00.533   0.116  0.23  11  0.033    2.658    1.929    0.116 110117111907   
  20 20110117 1405  5.984  39N47.646  119W00.584   0.079 -0.20  14  0.025    2.585    1.960    0.079  11011714050   
  21 20110125 2022  1.448  39N47.599  119W00.649   0.037  0.51  13  0.026    2.493    1.874    0.037 110125202201   
  22 20110203 1057 31.398  39N47.654  119W00.657   0.237  0.27  12  0.024    2.481    1.974    0.237 110203105731   
  23 20110203 1213  9.693  39N47.777  119W00.739   0.591  0.68  12  0.040    2.364    2.202    0.591 110203121309   
  24 20110203 1220 42.425  39N47.585  119W00.734   0.014  0.53  14  0.020    2.371    1.848    0.014 110203122042   
  25 20110203 1220 47.375  39N47.779  119W00.672   0.610  0.94  14  0.038    2.460    2.206    0.610 110203122047   
  26 20110203 1232 48.640  39N47.776  119W00.650   0.294 -0.10  12  0.039    2.491    2.201    0.294  11020312324   
  27 20110203 1238 55.205  39N47.645  119W00.623   0.167 -0.40   7  0.029    2.531    1.958    0.167  11020312385   
  28 20110203 1248 38.815  39N47.710  119W00.812   0.176 -0.00  11  0.034    2.259    2.079    0.176  11020312483   
  29 20110203 1318 23.116  39N47.884  119W00.687   0.868  1.10  13  0.040    2.439    2.401    0.868 110203131823   
  30 20110203 1326 55.317  39N47.594  119W00.665  -0.027 -0.00  12  0.023    2.471    1.864   -0.027  11020313265   
  31 20110203 1336 27.591  39N47.613  119W00.691   0.430  0.72  15  0.043    2.432    1.899    0.430 110203133627   
  32 20110203 1452 26.891  39N47.665  119W00.635   0.320  0.76  14  0.033    2.513    1.995    0.320 110203145226   
  33 20110203 1453 46.523  39N47.619  119W00.643   0.025  0.28  12  0.023    2.501    1.910    0.025 110203145346   
  34 20110203 1514 22.539  39N47.556  119W00.686  -0.328  0.15  10  0.035    2.441    1.794   -0.328 110203151422   
  35 20110203 1532 42.473  39N47.515  119W00.790  -0.007  0.65  13  0.028    2.291    1.717   -0.007 110203153242   
  36 20110203 1542 12.885  39N47.667  119W00.682   0.361 -0.40  10  0.042    2.446    1.998    0.361  11020315421   
  37 20110203 1552 59.380  39N47.692  119W00.604  -0.305  0.41  13  0.036    2.557    2.045   -0.305 110203155259   
  38 20110203 1602  1.357  39N48.092  119W00.403   0.601  0.87  13  0.048    2.844    2.785    0.601 110203160201   
  39 20110203 1702 52.999  39N47.764  119W00.593   0.616 -0.10  13  0.038    2.572    2.178    0.616  11020317025   
  40 20110203 1711 15.805  39N47.808  119W00.543   0.467 -0.30  14  0.049    2.644    2.260    0.467  11020317111   
  41 20110203 1712 15.813  39N47.719  119W00.574   0.540 -0.10   9  0.031    2.600    2.096    0.540  11020317121   
  42 20110203 1757 16.338  39N47.539  119W00.626   0.160  0.68  14  0.029    2.525    1.762    0.160 110203175716   
  43 20110203 1812 28.282  39N47.653  119W00.639   0.523 -0.30   8  0.018    2.507    1.972    0.523  11020318122   
  44 20110203 1837 45.434  39N47.882  119W00.467   0.623  1.14  16  0.034    2.753    2.397    0.623 110203183745   
  45 20110203 1847 35.715  39N47.818  119W00.354   0.245 -0.40   9  0.034    2.913    2.279    0.245  11020318473   
  46 20110203 1848 50.895  39N47.810  119W00.712   0.502 -0.00  15  0.050    2.403    2.264    0.502  11020318485   
  47 20110203 1906 24.741  39N47.781  119W00.778   0.657 -0.10   9  0.026    2.309    2.210    0.657  11020319062   
  48 20110203 2014 43.599  39N47.809  119W00.762   0.545  0.41  13  0.030    2.331    2.261    0.545 110203201443   
  49 20110203 2057 19.980  39N47.611  119W00.742   0.051 -0.00  13  0.020    2.360    1.895    0.051  11020320571   
  50 20110203 2057 38.824  39N47.585  119W00.743  -0.009  0.80  13  0.020    2.359    1.847   -0.009 110203205738   
  51 20110203 2105 27.487  39N47.647  119W00.686  -0.114  1.04  16  0.018    2.440    1.962   -0.114 110203210527   
  52 20110203 2339 27.125  39N47.986  119W00.331   0.836  0.93  14  0.047    2.948    2.590    0.836 110203233927   
  53 20110203 2340 59.662  39N47.775  119W00.605   0.087  0.94  12  0.022    2.555    2.200    0.087 110203234059   
  54 20110203 2359 51.194  39N47.628  119W00.553  -0.050  0.30  14  0.035    2.630    1.927   -0.050 110203235951   
  55 20110204 0012 22.801  39N47.717  119W00.661   0.054  0.46  13  0.018    2.476    2.091    0.054 110204001222   
  56 20110204 0014 25.131  39N47.635  119W00.843   0.272  0.64  11  0.036    2.215    1.940    0.272 110204001425   
  57 20110204 0128 36.179  39N47.648  119W00.680   0.251  0.33  12  0.034    2.448    1.965    0.251 110204012836   
  58 20110204 0434 54.856  39N48.028  119W00.522   0.737  0.46  12  0.046    2.674    2.667    0.737 110204043455   
  59 20110204 0538 56.574  39N48.341  119W00.156   0.963  1.09  15  0.043    3.196    3.247    0.963 110204053856   
  60 20110204 1904 22.561  39N48.189  119W00.240   0.911  0.16  15  0.026    3.076    2.966    0.911 110204190422   
  61 20110204 2005 50.612  39N48.137  119W00.289   1.166  1.35  14  0.031    3.007    2.869    1.166 110204200550   
  62 20110328 0211  9.178  39N47.678  119W00.700  -0.178  0.14  11  0.018    2.420    2.020   -0.178 110328021109   
  63 20120104 0328 35.449  39N47.557  119W00.730   0.243 -0.00   7  0.043    2.377    1.796    0.243  12010403283   
  64 20120402 0852 57.505  39N47.683  119W00.767   0.495  0.82  16  0.035    2.325    2.028    0.495 120402085257   
  65 20120402 0935 32.007  39N47.653  119W00.909   0.425 -0.00  13  0.021    2.122    1.973    0.425  12040209353   
  66 20120402 1015  8.357  39N47.659  119W00.917   0.256  0.32   9  0.026    2.110    1.984    0.256 120402101507   
  67 20120402 1019 32.935  39N47.683  119W00.906   0.307 -0.10  14  0.032    2.126    2.030    0.307  12040210193   
  68 20120402 1033 52.709  39N47.636  119W00.902   0.367  0.71  14  0.028    2.131    1.943    0.367 120402103352   
  69 20120402 1035  4.133  39N47.655  119W00.912   0.321  0.32  13  0.029    2.118    1.976    0.321 120402103504   
  70 20120402 1248 24.400  39N47.632  119W00.758  -0.044  0.43  12  0.029    2.337    1.935   -0.044 120402124824   
  71 20120402 1249  2.983  39N47.615  119W00.801   0.009  0.50  12  0.026    2.276    1.903    0.009 120402124902   
  72 20120402 1415  1.513  39N47.604  119W00.916  -0.041 -0.20  12  0.046    2.111    1.882   -0.041  12040214150   
  73 20120402 1641  4.191  39N47.623  119W00.766  -0.037 -0.60  10  0.026    2.326    1.918   -0.037  12040216410   
  74 20120404 0806 23.469  39N47.620  119W00.683   0.257 -0.30  11  0.037    2.444    1.913    0.257  12040408062   
  75 20130106 1244 12.023  39N47.641  119W00.733   0.158 -0.30   6  0.034    2.373    1.952    0.158  13010612441   
  76 20130106 1245  8.159  39N47.681  119W00.841   0.040  0.46  12  0.033    2.219    2.025    0.040 130106124508   
  77 20130118 1935 44.978  39N47.749  119W00.823   0.300  0.42  11  0.030    2.245    2.150    0.300 130118193544   
  78 20130118 1936 31.160  39N47.608  119W00.811  -0.079  0.63  17  0.032    2.262    1.890   -0.079 130118193631   
  79 20130118 1943 52.116  39N47.595  119W00.786  -0.128  0.07   8  0.024    2.297    1.865   -0.128 130118194352   
  80 20130118 1945 36.555  39N47.687  119W00.824   0.140  0.24  10  0.025    2.243    2.037    0.140 130118194536   
  81 20130118 1946 21.120  39N47.668  119W00.805   0.222  0.60  13  0.024    2.270    2.001    0.222 130118194621   
  82 20130118 1958 49.245  39N47.644  119W00.769   0.048 -0.60   6  0.017    2.321    1.957    0.048  13011819584   
  83 20130118 2002 58.988  39N47.674  119W00.858   0.268  0.43  14  0.032    2.194    2.012    0.268 130118200258   
  84 20130118 2007 48.466  39N47.721  119W00.890   0.538  0.42   9  0.025    2.149    2.099    0.538 130118200748   
  85 20130118 2022 36.431  39N47.656  119W00.792  -0.063  0.41  11  0.020    2.288    1.978   -0.063 130118202236   
  86 20130118 2041 10.640  39N47.641  119W00.560   0.660  0.71  15  0.041    2.620    1.952    0.660 130118204110   
  87 20130118 2046 13.518  39N47.695  119W00.737  -0.051 -0.10  12  0.017    2.367    2.051   -0.051  13011820461   
  88 20130118 2106 11.438  39N47.653  119W00.792   0.330  0.86  15  0.023    2.289    1.974    0.330 130118210611   
  89 20130118 2120 25.597  39N47.693  119W00.730  -0.337 -0.10  10  0.024    2.377    2.046   -0.337  13011821202   
  90 20130118 2126 25.857  39N47.601  119W00.841   0.221  0.57   8  0.019    2.219    1.877    0.221 130118212625   
  91 20130118 2137 10.634  39N47.710  119W00.785   0.276  0.41  13  0.042    2.299    2.079    0.276 130118213710   
  92 20130118 2141 42.344  39N47.713  119W00.791   0.010  0.21  10  0.019    2.291    2.084    0.010 130118214142   
  93 20130118 2201 38.604  39N47.681  119W00.806   0.275  0.24   8  0.023    2.269    2.025    0.275 130118220138   
  94 20130118 2220 55.067  39N47.781  119W00.780   0.307  0.06   9  0.032    2.306    2.210    0.307 130118222055   
  95 20130118 2252 14.794  39N47.552  119W00.902   0.003  0.30  11  0.021    2.132    1.786    0.003 130118225214   
  96 20130118 2255 28.304  39N47.574  119W00.855  -0.035  0.69  15  0.023    2.199    1.826   -0.035 130118225528   
  97 20130119 0122 33.299  39N47.615  119W00.860   0.198  0.82  15  0.026    2.191    1.904    0.198 130119012233   
  98 20130119 0138 16.919  39N47.582  119W00.860   0.275  0.98  17  0.022    2.192    1.842    0.275 130119013816   
  99 20130119 0238 27.714  39N47.704  119W00.768  -0.126 -0.10   6  0.023    2.322    2.068   -0.126  13011902382   
 100 20130119 0303 28.898  39N47.844  119W00.691   0.422  0.47  15  0.031    2.433    2.327    0.422 130119030328   
 101 20130119 1118 12.229  39N47.879  119W00.749   0.487  0.36  11  0.034    2.350    2.392    0.487 130119111812   
 102 20130408 0735 39.352  39N47.734  119W00.773   0.270 -0.00  16  0.014    2.316    2.122    0.270  13040807353   
 103 20130408 0858 41.641  39N47.711  119W00.670   0.035  0.21  12  0.023    2.463    2.080    0.035 130408085841   
 104 20130408 1012 18.538  39N47.635  119W00.750   0.283  0.18  13  0.021    2.348    1.941    0.283 130408101218   
 105 20130408 1132 45.675  39N47.609  119W00.817  -0.003  0.65  20  0.018    2.252    1.892   -0.003 130408113245   
 106 20130408 1353 24.860  39N47.681  119W00.714   0.026  0.97  18  0.016    2.400    2.024    0.026 130408135324   
 107 20130408 1604 55.043  39N47.610  119W00.785  -0.031  0.14  16  0.024    2.299    1.894   -0.031 130408160455   
 108 20130408 1916  9.330  39N47.620  119W00.852   0.183  0.52  16  0.023    2.204    1.913    0.183 130408191609   
 109 20130408 2147 41.012  39N47.532  119W00.872  -0.167  0.45   6  0.040    2.174    1.750   -0.167 130408214740   
 110 20130409 0139  3.083  39N47.542  119W00.896   0.120  0.85  19  0.032    2.141    1.767    0.120 130409013902   
 111 20130409 0147 35.239  39N47.512  119W00.874   0.036  0.75  17  0.023    2.172    1.712    0.036 130409014735   
 112 20130409 0148 53.417  39N47.511  119W00.897   0.146  0.55  20  0.024    2.138    1.711    0.146 130409014853   
 113 20130409 0352 22.576  39N47.636  119W00.768   0.111  0.07   8  0.030    2.324    1.941    0.111 130409035222   
 114 20130409 0429  8.073  39N47.711  119W00.777  -0.010 -0.40   6  0.023    2.310    2.081   -0.010  13040904290   
 115 20130409 0508  2.861  39N47.703  119W00.725   0.340 -0.40  12  0.033    2.384    2.065    0.340  13040905080   
 116 20130409 0559 52.075  39N47.607  119W00.867   0.373  0.95  16  0.034    2.181    1.889    0.373 130409055951   
 117 20130409 1852 52.502  39N47.628  119W00.852   0.143  0.37  11  0.020    2.203    1.926    0.143 130409185252   
 118 20130410 0601 43.548  39N47.684  119W00.738   0.022  0.22  11  0.019    2.366    2.031    0.022 130410060143   
 119 20130410 1051 29.426  39N47.690  119W00.806   0.059  0.06  18  0.019    2.269    2.042    0.059 130410105129   
 120 20130410 2234 40.526  39N47.611  119W00.792   0.093  0.74  18  0.026    2.288    1.895    0.093 130410223440   
 121 20130411 0027 45.744  39N48.073  119W00.663  -0.663 -0.40   8  0.018    2.472    2.751   -0.663  13041100274   
 122 20130528 0120 20.945  39N47.658  119W00.601   1.334  0.83  14  0.099    2.562    1.982    1.334 130528012020   
 123 20131225 0626 41.356  39N47.513  119W00.871  -0.143  0.21  16  0.018    2.175    1.715   -0.143 131225062641   
 124 20131225 0642 59.020  39N47.674  119W00.852   0.198 -0.40  14  0.026    2.203    2.012    0.198  13122506425   
 125 20131225 0645 26.060  39N47.646  119W00.788  -0.127  0.20  16  0.018    2.294    1.960   -0.127 131225064525   
 126 20140109 1251 51.008  39N47.546  119W00.842   0.429 -0.70  12  0.035    2.217    1.774    0.429  14010912515   
 127 20140213 0558 11.542  39N47.809  119W00.498  -0.299 -0.00   6  0.010    2.709    2.262   -0.299  14021305581   
 128 20140214 1250 51.613  39N47.641  119W00.785   0.069  0.49  12  0.022    2.299    1.952    0.069 140214125051   
 129 20140217 0857 37.844  39N47.629  119W00.907  -0.113 -0.00  17  0.031    2.124    1.929   -0.113  14021708573   
 130 20140302 0225 47.531  39N46.984  119W01.832   1.283  0.37   8  0.016    0.805    0.735    1.283 140302022547   
 131 20140302 0719 26.941  39N47.717  119W00.740  -0.077 -0.40   8  0.013    2.362    2.091   -0.077  14030207192   
 132 20140302 0832 22.991  39N47.506  119W00.864  -0.241 -0.10  10  0.015    2.186    1.701   -0.241  14030208322   
 133 20140302 1210 40.300  39N47.653  119W00.774   0.417  0.34  15  0.019    2.314    1.973    0.417 140302121040   
 134 20140302 1217 32.828  39N47.614  119W00.825   0.261  0.13  13  0.021    2.242    1.901    0.261 140302121732   
 135 20140302 1333 33.674  39N47.661  119W00.750   0.420  0.48  10  0.017    2.349    1.988    0.420 140302133333   
 136 20140302 1523 31.754  39N47.599  119W00.856  -0.054  0.75  18  0.020    2.197    1.873   -0.054 140302152331   
 137 20140302 1532 51.372  39N47.589  119W00.825  -0.060  0.48  17  0.023    2.242    1.855   -0.060 140302153251   
 138 20140302 1826 42.428  39N47.480  119W01.055   0.557 -0.60   9  0.019    1.914    1.653    0.557  14030218264   
 139 20140303 1648 57.470  39N47.530  119W00.853  -0.006  0.28  12  0.019    2.201    1.745   -0.006 140303164857   
 140 20140407 0314 33.762  39N47.699  119W00.819   0.206 -0.00  11  0.014    2.250    2.059    0.206  14040703143   
 141 20140407 0342 32.546  39N47.633  119W00.834   0.110  0.31  16  0.017    2.228    1.937    0.110 140407034232   
 142 20140407 0348  9.281  39N47.699  119W00.821   0.179  0.04  14  0.019    2.247    2.059    0.179 140407034809   
 143 20140407 0409  3.581  39N47.601  119W00.903   0.707  0.32  14  0.020    2.131    1.877    0.707 140407040903   
 144 20140407 0413  8.978  39N47.901  119W00.712   0.263  0.15   5  0.006    2.402    2.432    0.263 140407041309   
 145 20140407 0418 57.725  39N47.559  119W00.800   0.056  0.43  14  0.017    2.277    1.800    0.056 140407041857   
 146 20140407 0431 22.333  39N47.861  119W00.826   0.297  0.26  11  0.020    2.240    2.358    0.297 140407043121   
 147 20140407 0457 10.495  39N47.766  119W00.757   0.203 -0.30   9  0.013    2.339    2.182    0.203  14040704571   
 148 20140407 0502 34.269  39N47.528  119W00.801  -0.891 -0.80   9  0.012    2.276    1.742   -0.891  14040705023   
 149 20140407 0503 39.723  39N47.568  119W00.761  -0.150 -0.30  11  0.020    2.332    1.816   -0.150  14040705033   
 150 20140407 0504 10.643  39N47.682  119W00.799   0.121  0.30  18  0.020    2.279    2.027    0.121 140407050410   
 151 20140407 0525 39.953  39N47.552  119W00.651  -0.166  0.05  12  0.022    2.490    1.787   -0.166 140407052539   
 152 20140407 0530  8.225  39N47.876  119W00.753  -0.026 -0.10   6  0.005    2.343    2.385   -0.026  14040705300   
 153 20140407 0530 26.491  39N47.600  119W00.872   0.324  0.03  10  0.015    2.174    1.876    0.324 140407053026   
 154 20140407 0533 53.785  39N47.948  119W00.821   0.732  0.32   9  0.018    2.247    2.520    0.732 140407053353   
 155 20140407 0546 53.806  39N47.723  119W00.797   0.290 -0.40  13  0.031    2.282    2.103    0.290  14040705465   
 156 20140407 0552  7.189  39N47.664  119W00.822   0.287  0.51  16  0.015    2.246    1.993    0.287 140407055207   
 157 20140407 0552 51.691  39N47.564  119W00.962   0.026  0.13  18  0.022    2.045    1.808    0.026 140407055251   
 158 20140407 0618 58.527  39N47.589  119W00.929   0.535  0.54  18  0.019    2.093    1.854    0.535 140407061858   
 159 20140407 0619 27.243  39N47.639  119W01.221  -0.510 -0.30   9  0.017    1.677    1.947   -0.510  14040706192   
 160 20140407 0620 11.591  39N47.652  119W00.856   0.170 -0.10  10  0.018    2.197    1.971    0.170  14040706201   
 161 20140407 0626 18.851  39N47.801  119W00.495  -0.109 -0.60   5  0.011    2.712    2.247   -0.109  14040706261   
 162 20140407 0627 13.998  39N47.862  119W00.857   0.124 -0.40   9  0.010    2.195    2.361    0.124  14040706271   
 163 20140407 0628 52.988  39N47.905  119W00.488  -0.218 -0.40   8  0.017    2.723    2.440   -0.218  14040706285   
 164 20140407 0634 33.257  39N47.671  119W00.857   0.527  0.37  15  0.018    2.195    2.007    0.527 140407063433   
 165 20140407 0636 42.895  39N47.667  119W00.784   0.057 -0.00  15  0.023    2.301    1.999    0.057  14040706364   
 166 20140407 0637 28.387  39N47.670  119W00.746  -0.223 -0.70   5  0.008    2.354    2.005   -0.223  14040706372   
 167 20140407 0645 56.335  39N47.748  119W00.729  -0.055 -0.50  11  0.011    2.379    2.148   -0.055  14040706455   
 168 20140407 0654 41.197  39N47.745  119W00.823  -0.027 -0.60  13  0.021    2.244    2.143   -0.027  14040706544   
 169 20140407 0655  5.105  39N47.732  119W00.696   0.214  0.66  18  0.016    2.425    2.120    0.214 140407065505   
 170 20140407 0655 33.318  39N47.814  119W00.766   0.292  0.27  15  0.034    2.325    2.272    0.292 140407065532   
 171 20140407 0710  7.079  39N47.632  119W00.839   0.294 -0.30  10  0.013    2.221    1.935    0.294  14040707100   
 172 20140407 0714 26.582  39N47.602  119W00.854   0.066  0.34  17  0.017    2.200    1.878    0.066 140407071426   
 173 20140407 0718  3.016  39N47.556  119W00.812   0.392  0.29  12  0.020    2.260    1.793    0.392 140407071802   
 174 20140407 0720 44.881  39N47.594  119W00.794  -0.031  0.18  15  0.022    2.286    1.865   -0.031 140407072044   
 175 20140407 0727 19.846  39N47.679  119W00.517   0.278 -0.70  11  0.028    2.681    2.022    0.278  14040707271   
 176 20140407 0727 46.592  39N47.526  119W01.053   0.441 -0.50  15  0.022    1.916    1.739    0.441  14040707274   
 177 20140407 0733 58.793  39N47.564  119W00.810  -0.388 -0.00  14  0.019    2.264    1.810   -0.388  14040707335   
 178 20140407 0737 15.160  39N47.718  119W00.761   0.344 -0.30   8  0.020    2.332    2.093    0.344  14040707371   
 179 20140407 0752 40.386  39N47.789  119W00.731   0.198 -0.50   8  0.012    2.376    2.225    0.198  14040707524   
 180 20140407 0752 59.104  39N47.565  119W00.784  -0.352 -0.40  12  0.019    2.299    1.810   -0.352  14040707525   
 181 20140407 0753 19.558  39N47.591  119W00.824  -0.115  0.71  16  0.019    2.243    1.859   -0.115 140407075319   
 182 20140407 0759  5.753  39N47.792  119W00.780   0.236 -0.40  16  0.018    2.305    2.230    0.236  14040707590   
 183 20140407 0759 32.763  39N47.743  119W00.851   0.099 -0.10  14  0.015    2.205    2.141    0.099  14040707593   
 184 20140407 0806 58.580  39N47.587  119W00.867   0.362 -0.40  10  0.013    2.182    1.851    0.362  14040708065   
 185 20140407 0810 49.151  39N47.604  119W00.717  -0.173 -0.10   6  0.013    2.396    1.882   -0.173  14040708104   
 186 20140407 0814 54.428  39N47.653  119W00.961   0.305 -0.40   7  0.013    2.047    1.974    0.305  14040708145   
 187 20140407 0826 14.548  39N47.535  119W00.913  -0.200 -0.20  14  0.017    2.116    1.754   -0.200  14040708261   
 188 20140407 0907 10.723  39N48.750  119W00.794   0.374  0.10   5  0.031    2.285    4.002    0.374 140407090710   
 189 20140407 0922 15.059  39N47.803  119W00.790   0.298  0.14  16  0.019    2.292    2.251    0.298 140407092215   
 190 20140407 1034 18.242  39N47.666  119W00.789  -0.101 -0.50  10  0.015    2.294    1.998   -0.101  14040710341   
 191 20140407 1039  0.454  39N47.828  119W00.579   0.208  0.09  15  0.018    2.593    2.297    0.208 140407103900   
 192 20140407 1048 23.632  39N47.644  119W00.692  -0.269 -0.80   6  0.017    2.431    1.956   -0.269  14040710482   
 193 20140407 1049 39.065  39N47.560  119W00.835  -0.227  0.10  18  0.018    2.226    1.801   -0.227 140407104938   
 194 20140407 1053 17.779  39N47.955  119W00.363  -0.057 -0.60   8  0.019    2.901    2.532   -0.057  14040710531   
 195 20140407 1103 42.059  39N47.536  119W00.682  -0.190 -0.60   9  0.018    2.446    1.757   -0.190  14040711034   
 196 20140407 1127 22.518  39N47.693  119W00.922  -0.298 -0.40  10  0.017    2.102    2.048   -0.298  14040711272   
 197 20140407 1212 16.125  39N47.900  119W00.419   0.161  0.17  15  0.017    2.821    2.431    0.161 140407121216   
 198 20140407 1214 55.909  39N48.101  119W00.341   0.065 -0.20   9  0.019    2.933    2.803    0.065  14040712145   
 199 20140407 1349 13.231  39N47.726  119W00.830   0.131  0.30  12  0.014    2.235    2.108    0.131 140407134913   
 200 20140407 1356 16.627  39N48.442  119W00.138   0.280  1.08  18  0.030    3.222    3.434    0.280 140407135616   
 201 20140407 1434 28.697  39N47.576  119W00.829   0.420  0.62  19  0.018    2.236    1.830    0.420 140407143428   
 202 20140407 1438 27.111  39N47.781  119W00.688   0.093  0.27  15  0.019    2.437    2.211    0.093 140407143827   
 203 20140407 1442 32.456  39N47.764  119W00.734   0.010 -0.60   8  0.015    2.372    2.179    0.010  14040714423   
 204 20140407 1447 16.213  39N47.830  119W00.633   0.139  0.14   8  0.017    2.515    2.300    0.139 140407144716   
 205 20140407 1528 28.122  39N48.571  118W59.990   0.276  1.73  20  0.031    3.433    3.672    0.276 140407152828   
 206 20140407 1605 29.878  39N47.898  119W00.599   0.200  0.54  17  0.019    2.565    2.427    0.200 140407160529   
 207 20140407 1613  1.360  39N47.695  119W00.867   0.236 -0.10   9  0.010    2.181    2.052    0.236  14040716130   
 208 20140407 1615 27.169  39N47.526  119W00.761  -0.226 -0.50  10  0.022    2.333    1.738   -0.226  14040716152   
 209 20140407 1619 44.649  39N47.561  119W00.751  -0.077 -0.20  12  0.019    2.347    1.804   -0.077  14040716194   
 210 20140407 1633 38.971  39N47.677  119W00.659   0.165  0.86  20  0.020    2.478    2.017    0.165 140407163338   
 211 20140407 1656 12.405  39N47.729  119W00.792   0.234 -0.30   8  0.011    2.289    2.114    0.234  14040716561   
 212 20140407 1746  7.140  39N47.632  119W00.767   0.445 -0.00  14  0.020    2.325    1.934    0.445  14040717460   
 213 20140407 1846 26.556  39N47.581  119W00.819  -0.067  0.46  17  0.023    2.250    1.840   -0.067 140407184626   
 214 20140407 1857 22.454  39N48.301  119W01.040  -0.854  0.28  11  0.015    1.935    3.173   -0.854 140407185722   
 215 20140407 1920 13.455  39N47.656  119W00.866   0.330 -0.60   8  0.009    2.183    1.979    0.330  14040719201   
 216 20140407 2023 48.761  39N47.633  119W00.911   0.002  0.05   6  0.011    2.119    1.936    0.002 140407202348   
 217 20140407 2104 35.455  39N47.751  119W00.797   0.165 -0.30  14  0.015    2.282    2.154    0.165  14040721043   
 218 20140407 2221 55.622  39N47.754  119W00.997   0.922 -0.20   9  0.016    1.996    2.161    0.922  14040722215   
 219 20140407 2244 15.662  39N47.566  119W01.026   0.355  0.18  13  0.019    1.955    1.813    0.355 140407224415   
 220 20140407 2309 26.142  39N47.612  119W00.881   0.227 -0.30   9  0.020    2.161    1.897    0.227  14040723092   
 221 20140407 2312 33.875  39N47.590  119W00.960   0.126 -0.50  10  0.025    2.048    1.856    0.126  14040723123   
 222 20140407 2315  2.051  39N47.684  119W00.972   0.099 -0.30   9  0.017    2.031    2.030    0.099  14040723150   
 223 20140407 2341  2.408  39N47.551  119W00.914   0.319 -0.10  12  0.019    2.114    1.785    0.319  14040723410   
 224 20140408 0033 32.565  39N47.694  119W01.100  -0.558  0.25   9  0.018    1.850    2.050   -0.558 140408003332   
 225 20140408 0040 51.212  39N47.263  119W00.601  -0.388 -0.90   6  0.008    2.562    1.251   -0.388  14040800405   
 226 20140408 0048 32.881  39N47.941  119W00.595   0.415  1.38  16  0.018    2.570    2.506    0.415 140408004832   
 227 20140408 0153 59.689  39N47.712  119W00.802   0.223 -0.40  10  0.012    2.274    2.083    0.223  14040801535   
 228 20140408 0344 37.066  39N47.730  119W00.764   0.038  0.03   6  0.012    2.329    2.115    0.038 140408034437   
 229 20140408 0828 28.501  39N47.724  119W00.734  -0.188 -0.80   5  0.008    2.371    2.105   -0.188  14040808282   
 230 20140408 0931 51.153  39N48.296  119W00.911   0.522 -0.10   9  0.018    2.119    3.164    0.522  14040809315   
 231 20140408 1055 13.942  39N47.739  119W00.799   0.326  0.01  11  0.013    2.278    2.131    0.326 140408105513   
 232 20140408 1055 48.487  39N47.735  119W00.797   0.281 -0.00  12  0.016    2.281    2.125    0.281  14040810554   
 233 20140408 1105 24.302  39N47.725  119W00.900   0.032 -0.50   8  0.016    2.134    2.107    0.032  14040811052   
 234 20140408 1122 58.462  39N48.018  119W00.909   0.998  0.79  16  0.018    2.121    2.649    0.998 140408112258   
 235 20140408 1126 57.441  39N47.575  119W00.930   0.093 -0.50   6  0.008    2.091    1.830    0.093  14040811265   
 236 20140408 1151 14.562  39N47.599  119W00.833  -0.110 -0.00   8  0.019    2.230    1.873   -0.110  14040811511   
 237 20140408 1912 11.907  39N48.900  119W00.617   1.294  1.00  14  0.020    2.538    4.281    1.294 140408191212   
 238 20140408 2108 38.871  39N48.651  119W00.658   1.051  0.79   8  0.018    2.480    3.821    1.051 140408210839   
 239 20140409 0101 58.207  39N47.605  119W00.890   0.199 -0.10  12  0.015    2.149    1.885    0.199  14040901015   
 240 20140409 0152 34.699  39N47.850  119W00.816   0.358  0.51  13  0.018    2.254    2.338    0.358 140409015234   
 241 20140409 0200  9.429  39N47.818  119W00.579   0.151  0.22   9  0.014    2.593    2.279    0.151 140409020009   
 242 20140409 0200 33.051  39N47.857  119W00.624   0.213  0.13  16  0.019    2.528    2.351    0.213 140409020033   
 243 20140409 0203 59.889  39N47.776  119W00.915   0.707  0.40   9  0.018    2.113    2.200    0.707 140409020359   
 244 20140409 0220 47.481  39N47.630  119W00.784  -0.102  0.10   5  0.009    2.300    1.930   -0.102 140409022047   
 245 20140409 0533  8.830  39N47.715  119W00.966   1.162  0.40   9  0.016    2.039    2.089    1.162 140409053308   
 246 20140409 0600 47.122  39N48.074  119W00.600   0.770  0.50  18  0.019    2.563    2.752    0.770 140409060047   
 247 20140409 0645 45.915  39N47.608  119W00.966   0.438  0.34   8  0.015    2.040    1.890    0.438 140409064545   
 248 20140409 0717  6.970  39N48.357  119W00.524   0.988  0.88  16  0.022    2.671    3.276    0.988 140409071706   
 249 20140409 0828 31.910  39N48.138  119W00.542   0.695  0.10   8  0.017    2.645    2.870    0.695 140409082831   
 250 20140409 1037 11.668  39N48.131  119W00.545   0.738  0.28  12  0.016    2.641    2.858    0.738 140409103711   
 251 20140409 1350 18.969  39N47.752  119W00.927   1.127  0.09  11  0.015    2.096    2.156    1.127 140409135018   
 252 20140409 1644 20.892  39N48.209  119W00.638   0.933  0.55  10  0.016    2.508    3.003    0.933 140409164420   
 253 20140606 1248 35.115  39N47.760  119W00.777   0.187 -0.00   8  0.015    2.310    2.172    0.187  14060612483   
 254 20140606 1255 21.046  39N47.709  119W00.698   0.146 -0.20   6  0.014    2.423    2.077    0.146  14060612552   
 255 20140606 1318 14.177  39N47.736  119W00.749  -0.018 -0.10   7  0.011    2.350    2.128   -0.018  14060613181   
 256 20140606 1349  4.059  39N47.810  119W00.870   0.359  0.60  13  0.021    2.178    2.263    0.359 140606134904   
 257 20140607 1731 46.442  39N48.143  119W00.367   0.197  0.16   9  0.017    2.895    2.881    0.197 140607173146   
 258 20140610 1456  6.768  39N47.572  119W00.856   0.081  0.15   5  0.013    2.196    1.824    0.081 140610145606   
 259 20140610 1913 18.778  39N47.849  119W00.576   0.056  0.18   5  0.018    2.597    2.336    0.056 140610191318   
 260 20140613 2005  4.563  39N47.465  119W00.739   0.159 -0.10  12  0.021    2.364    1.624    0.159  14061320050   
 261 20150323 0935 44.121  39N47.799  119W00.573   0.417 -0.60   8  0.029    2.601    2.243    0.417  15032309354   
 262 20150323 0936  1.263  39N47.822  119W00.908   0.731  0.08  14  0.025    2.124    2.285    0.731 150323093601   
 263 20150323 0939 51.409  39N47.663  119W00.972   0.182 -0.50   9  0.031    2.032    1.992    0.182  15032309395   
 264 20150323 0941  9.418  39N47.765  119W00.741   0.386  0.19  15  0.021    2.361    2.180    0.386 150323094109   
 265 20150323 0949 18.963  39N47.633  119W00.801   0.020  0.68  16  0.020    2.276    1.936    0.020 150323094918   
 266 20150323 0949 25.152  39N47.613  119W00.831  -0.103  0.09   7  0.010    2.233    1.899   -0.103 150323094925   
 267 20150323 1032 56.593  39N47.535  119W00.594   0.305 -0.30  14  0.024    2.572    1.755    0.305  15032310325   
 268 20150323 1034 10.019  39N47.538  119W00.774  -0.016  0.22  11  0.022    2.315    1.760   -0.016 150323103409   
 269 20150323 1037 22.863  39N47.710  119W00.765  -0.061 -0.40   9  0.020    2.327    2.079   -0.061  15032310372   
 270 20150323 1043 36.496  39N47.527  119W00.938  -0.092 -0.10  12  0.015    2.079    1.740   -0.092  15032310433   
 271 20150323 1045 13.723  39N47.799  119W00.686   0.233 -0.00  17  0.019    2.440    2.243    0.233  15032310451   
 272 20150323 1100 47.948  39N47.750  119W00.707   0.168  0.16  15  0.025    2.411    2.152    0.168 150323110047   
 273 20150323 1104 18.220  39N47.636  119W01.027   0.088 -0.70   7  0.008    1.954    1.941    0.088  15032311041   
 274 20150323 1110 22.502  39N47.720  119W00.691   0.236  0.48  16  0.027    2.433    2.097    0.236 150323111022   
 275 20150323 1119 27.438  39N47.956  119W00.865   0.658 -0.30  11  0.020    2.185    2.534    0.658  15032311192   
 276 20150323 1123 10.883  39N47.747  119W00.754  -0.061 -0.40   9  0.029    2.342    2.148   -0.061  15032311231   
 277 20150323 1129 19.346  39N47.621  119W00.785  -0.076 -0.50   9  0.017    2.299    1.914   -0.076  15032311291   
 278 20150323 1129 24.885  39N47.591  119W00.793  -0.169  0.00  13  0.020    2.286    1.858   -0.169 150323112924   
 279 20150323 1134 43.606  39N47.822  119W00.584   0.124  0.24  15  0.026    2.585    2.285    0.124 150323113443   
 280 20150323 1141 11.106  39N47.741  119W00.821   0.071 -0.60   7  0.014    2.248    2.136    0.071  15032311411   
 281 20150323 1141 58.224  39N47.671  119W00.998   0.363 -0.40   9  0.014    1.995    2.006    0.363  15032311415   
 282 20150323 1149  9.125  39N47.561  119W00.897  -0.046  0.71  17  0.023    2.139    1.803   -0.046 150323114909   
 283 20150323 1152  6.769  39N47.936  119W00.861   0.512 -0.10   8  0.013    2.190    2.497    0.512  15032311520   
 284 20150323 1201 28.545  39N47.655  119W00.799  -0.447 -0.30   8  0.012    2.278    1.976   -0.447  15032312012   
 285 20150323 1217 40.483  39N47.643  119W00.786  -0.310 -0.60  11  0.015    2.297    1.954   -0.310  15032312174   
 286 20150323 1256 16.986  39N47.542  119W00.947  -0.192  0.02  14  0.019    2.067    1.768   -0.192 150323125616   
 287 20150323 1307  8.466  39N47.693  119W00.777  -0.463 -0.50   7  0.013    2.310    2.048   -0.463  15032313070   
 288 20150323 1316 27.842  39N47.534  119W00.976   0.473 -0.30  12  0.025    2.027    1.754    0.473  15032313162   
 289 20150323 1322 48.564  39N47.678  119W00.988   0.354 -0.30  13  0.020    2.009    2.019    0.354  15032313224   
 290 20150323 1404 56.651  39N47.565  119W00.995  -0.408 -0.20   6  0.025    2.000    1.810   -0.408  15032314045   
 291 20150323 1417 38.996  39N47.676  119W00.734  -0.322 -0.40   9  0.018    2.372    2.015   -0.322  15032314173   
 292 20150323 1424 27.961  39N48.421  119W00.697   0.918  0.72  16  0.024    2.424    3.395    0.918 150323142428   
 293 20150323 1430 45.430  39N47.927  119W00.869   0.377 -0.10  10  0.015    2.178    2.481    0.377  15032314304   
 294 20150323 1524  5.150  39N47.797  119W00.857   0.634  0.60  16  0.018    2.196    2.240    0.634 150323152405   
 295 20150323 1628 15.350  39N47.785  119W00.703   0.361  0.80  17  0.014    2.415    2.217    0.361 150323162815   
 296 20150323 1635 33.736  39N47.852  119W00.679   0.186 -0.30   9  0.017    2.451    2.341    0.186  15032316353   
 297 20150323 1704 38.430  39N47.696  119W00.772  -0.201 -0.70   7  0.019    2.317    2.053   -0.201  15032317043   
 298 20150323 1736 14.002  39N47.785  119W00.745   0.623  0.82  14  0.019    2.356    2.218    0.623 150323173613   
 299 20150323 1752 28.798  39N47.874  119W00.778   0.469  1.49  17  0.018    2.308    2.381    0.469 150323175228   
 300 20150323 1816 14.529  39N47.755  119W00.976   0.444  0.42  13  0.015    2.025    2.161    0.444 150323181614   
 301 20150323 1829 34.007  39N47.752  119W00.934   0.535  0.50  16  0.019    2.086    2.156    0.535 150323182934   
 302 20150323 1834 56.827  39N47.744  119W00.897   0.420  0.48  12  0.016    2.138    2.141    0.420 150323183456   
 303 20150323 1921 48.494  39N47.642  119W01.026   0.416  0.21  13  0.027    1.954    1.953    0.416 150323192148   
 304 20150323 1929 35.763  39N47.777  119W00.920   0.293  0.24  11  0.023    2.105    2.202    0.293 150323192935   
 305 20150323 1936 11.676  39N47.888  119W00.542   0.156  0.53  13  0.025    2.646    2.408    0.156 150323193611   
 306 20150323 1936 14.992  39N47.799  119W00.616  -0.119  0.42   8  0.017    2.540    2.244   -0.119 150323193616   
 307 20150323 1941 38.462  39N47.621  119W00.838  -0.232  0.24   6  0.010    2.223    1.915   -0.232 150323194138   
 308 20150323 2023 35.586  39N47.552  119W00.827  -0.386  0.14  13  0.014    2.239    1.786   -0.386 150323202335   
 309 20150323 2102  3.546  39N47.669  119W00.770  -0.179  0.20   5  0.008    2.321    2.003   -0.179 150323210203   
 310 20150323 2122 27.877  39N47.556  119W00.982  -0.094 -0.40  13  0.015    2.017    1.793   -0.094  15032321222   
 311 20150323 2154 42.002  39N47.599  119W00.879   0.255  0.52  17  0.016    2.165    1.874    0.255 150323215441   
 312 20150323 2209 26.987  39N47.587  119W00.807  -0.250  0.05  12  0.014    2.267    1.852   -0.250 150323220926   
 313 20150323 2246 39.196  39N47.605  119W00.816  -0.089  0.40  15  0.014    2.255    1.885   -0.089 150323224639   
 314 20150324 0040 46.625  39N47.692  119W00.788  -0.158 -0.00  10  0.016    2.294    2.045   -0.158  15032400404   
 315 20150324 0115  6.930  39N47.516  119W00.880   0.312  1.28  18  0.019    2.163    1.719    0.312 150324011506   
 316 20150324 0116 39.566  39N47.509  119W00.884   0.337  1.16  17  0.018    2.157    1.707    0.337 150324011639   
 317 20150324 0152 52.289  39N47.562  119W00.901   0.228  0.59  18  0.024    2.133    1.806    0.228 150324015252   
 318 20150324 0154  3.753  39N47.583  119W00.939   0.179  0.45  14  0.018    2.079    1.844    0.179 150324015403   
 319 20150324 0205 30.534  39N47.531  119W00.841   0.161  0.14  14  0.025    2.218    1.747    0.161 150324020530   
 320 20150324 0358  5.315  39N47.649  119W00.780   0.225  0.14  12  0.016    2.306    1.965    0.225 150324035805   
 321 20150324 0455 17.502  39N47.755  119W00.878   0.775  0.25  11  0.017    2.165    2.163    0.775 150324045517   
 322 20150324 0459 27.998  39N47.948  119W00.863   0.634  0.42  10  0.011    2.188    2.519    0.634 150324045927   
 323 20150324 0526 45.700  39N47.951  119W00.878   0.669  0.72  16  0.020    2.166    2.525    0.669 150324052645   
 324 20150324 0555 19.508  39N47.976  119W00.937   0.757  0.21  11  0.017    2.082    2.570    0.757 150324055519   
 325 20150324 0556 52.536  39N47.953  119W00.934   0.725  0.95  17  0.015    2.086    2.529    0.725 150324055652   
 326 20150324 0614 21.230  39N47.935  119W00.861   0.610  0.38  13  0.015    2.190    2.496    0.610 150324061421   
 327 20150324 0647 53.138  39N47.944  119W00.942   0.794  1.56  17  0.020    2.075    2.511    0.794 150324064753   
 328 20150324 0648  4.561  39N47.945  119W00.889   0.665  1.18  16  0.017    2.150    2.514    0.665 150324064804   
 329 20150324 0708 55.156  39N47.767  119W00.716  -0.005 -0.50   7  0.011    2.397    2.184   -0.005  15032407085   
 330 20150324 0742  3.960  39N47.996  119W00.919   0.802  1.58  18  0.021    2.107    2.608    0.802 150324074203   
 331 20150324 0748 16.032  39N48.039  119W00.434   0.537  0.06   9  0.033    2.799    2.687    0.537 150324074815   
 332 20150324 0754  9.934  39N47.701  119W00.861   0.205 -0.00  16  0.021    2.190    2.063    0.205  15032407540   
 333 20150324 0852  2.430  39N47.553  119W00.786  -0.377 -0.30  14  0.020    2.298    1.788   -0.377  15032408520   
 334 20150324 0853 10.987  39N47.829  119W00.595   0.656 -0.30  11  0.024    2.569    2.300    0.656  15032408531   
 335 20150324 0923 13.313  39N48.092  119W00.700   0.777  0.55  15  0.019    2.419    2.785    0.777 150324092313   
 336 20150324 1054 36.792  39N47.555  119W00.988   0.223 -0.00   9  0.019    2.009    1.792    0.223  15032410543   
 337 20150324 1111 43.003  39N47.701  119W00.938   0.387  0.20   5  0.012    2.080    2.062    0.387 150324111142   
 338 20150324 1434  7.484  39N47.683  119W00.801  -0.134 -0.00   8  0.015    2.276    2.029   -0.134  15032414340   
 339 20150324 1437 47.413  39N47.749  119W00.742   0.041 -0.00   6  0.012    2.360    2.151    0.041  15032414374   
 340 20150324 1441  3.303  39N48.538  119W00.472   1.078  1.28  15  0.021    2.746    3.612    1.078 150324144103   
 341 20150324 1702 51.832  39N47.967  119W00.470   0.358  1.58  17  0.025    2.749    2.555    0.358 150324170251   
 342 20150324 1729 52.003  39N47.932  119W00.526   0.142  0.26   9  0.025    2.668    2.489    0.142 150324172951   
 343 20150324 1740  4.658  39N47.907  119W00.413   0.234  0.33  11  0.011    2.830    2.443    0.234 150324174004   
 344 20150324 1750 32.619  39N47.777  119W00.875   0.493  0.11   8  0.010    2.171    2.202    0.493 150324175032   
 345 20150324 1820 38.536  39N48.027  119W00.872   0.510  0.45   9  0.011    2.174    2.666    0.510 150324182038   
 346 20150324 1835  7.362  39N47.784  119W00.889   0.626  1.50  17  0.020    2.151    2.216    0.626 150324183507   
 347 20150324 1906 47.555  39N47.790  119W00.901   0.419  0.96  15  0.014    2.133    2.226    0.419 150324190647   
